16 08 09 15 03 14 01 10 11 04 13 06 12 07 02 05 
06 12 14 10 07 11 09 02 01 08 05 16 04 13 03 15 
03 01 05 04 13 12 08 16 15 02 07 14 09 06 11 10 
07 02 11 13 05 04 15 06 03 10 09 12 01 16 14 08 
02 15 01 14 06 03 11 09 08 13 04 07 05 10 16 12 
05 03 08 12 10 15 13 04 16 11 06 09 07 14 01 02 
10 07 06 09 16 08 14 05 02 12 03 01 13 15 04 11 
13 11 04 16 02 07 12 01 10 15 14 05 08 03 06 09 
14 04 13 08 09 02 03 12 07 06 01 10 15 11 05 16 
11 16 12 06 01 10 04 13 05 03 15 08 14 02 09 07 
09 05 03 02 15 06 07 14 13 16 11 04 10 08 12 01 
15 10 07 01 11 16 05 08 09 14 12 02 03 04 13 06 
12 06 16 05 04 13 10 07 14 09 02 15 11 01 08 03 
01 09 15 03 14 05 16 11 06 07 08 13 02 12 10 04 
04 14 02 07 08 09 06 03 12 01 10 11 16 05 15 13 
08 13 10 11 12 01 02 15 04 05 16 03 06 09 07 14 
